1001.94	12.9729	1.06561	
1018.15	12.9502	1.03318	
1034.61	12.9266	1.00174	
1051.35	12.9020	0.971249	
1068.35	12.8761	0.941688	
1085.63	12.8487	0.913028	
1103.19	12.8192	0.887547	
1121.03	12.7911	0.864407	
1139.17	12.7632	0.841817	
1157.59	12.7350	0.819826	
1176.31	12.7063	0.798411	
1195.34	12.6771	0.777531	
1214.67	12.6470	0.757139	
1234.32	12.6159	0.737234	
1254.28	12.5837	0.717856	
1274.57	12.5503	0.698989	
1295.19	12.5156	0.680609	
1316.13	12.4792	0.662552	
1337.42	12.4409	0.644954	
1359.05	12.4006	0.627806	
1381.04	12.3579	0.611117	
1403.37	12.3125	0.594814	
1426.07	12.2640	0.578892	
1449.14	12.2120	0.563357	
1472.58	12.1559	0.548240	
1496.39	12.0950	0.533519	
1520.60	12.0284	0.518512	
1545.19	11.9546	0.503884	
1570.18	11.8721	0.489627	
1595.58	11.7790	0.475781	
1621.39	11.6727	0.462322	
1647.61	11.5493	0.449240	
1674.26	11.4029	0.436529	
1701.34	11.2243	0.424180	
1728.86	10.9982	0.412181	
1756.82	10.6935	0.399995	
1785.24	10.2377	0.388066	
1814.11	9.37942	0.376400	
1815.	9.33435	0.376049	
1838.80	2.82013	0.366843	
1839.	2.82204	2.26608	
1838.90	7.96957	4.15773	
1860.	9.34866	4.09222	
1890.08	10.4859	4.00184	
1920.65	11.1017	3.91340	
1951.72	11.5305	3.82687	
1983.29	11.8609	3.74224	
2015.37	12.1301	3.65896	
2047.96	12.3571	3.57698	
2081.09	12.5533	3.49664	
2114.75	12.7254	3.41523	
2148.95	12.8775	3.33521	
2183.71	13.0131	3.25641	
2219.03	13.1350	3.17868	
2254.92	13.2452	3.10245	
2291.39	13.3453	3.02741	
2328.45	13.4369	2.95359	
2366.11	13.5205	2.88121	
2404.38	13.5972	2.80993	
2443.27	13.6676	2.74011	
2482.79	13.7324	2.67152	
2522.95	13.7921	2.60424	
2563.75	13.8472	2.53844	
2605.22	13.8981	2.47374	
2647.36	13.9449	2.41045	
2690.18	13.9882	2.34854	
2733.69	14.0282	2.28769	
2777.90	14.0651	2.22827	
2822.83	14.0991	2.17014	
2868.49	14.1305	2.11320	
2914.89	14.1594	2.05756	
2962.03	14.1859	2.00307	
3009.94	14.2104	1.94988	
3058.62	14.2329	1.89788	
3108.09	14.2535	1.84703	
3158.37	14.2723	1.79742	
3209.45	14.2894	1.74890	
3261.36	14.3051	1.70154	
3314.11	14.3194	1.65534	
3367.71	14.3322	1.61015	
3422.18	14.3438	1.56612	
3477.53	14.3542	1.52314	
3533.78	14.3635	1.48119	
3590.94	14.3718	1.44032	
3649.02	14.3791	1.40039	
3708.04	14.3855	1.36149	
3768.01	14.3910	1.32359	
3828.96	14.3957	1.28658	
3890.89	14.3997	1.25056	
3953.82	14.4029	1.21543	
4017.77	14.4055	1.18120	
4082.75	14.4075	1.14788	
4148.79	14.4089	1.11537	
4215.89	14.4097	1.08375	
4284.08	14.4101	1.05295	
4353.37	14.4100	1.02294	
4423.78	14.4094	0.993744	
4495.33	14.4085	0.965295	
4568.04	14.4071	0.937606	
4641.93	14.4054	0.910663	
4717.01	14.4034	0.884415	
4793.30	14.4011	0.858896	
4870.83	14.3984	0.834074	
4949.61	14.3956	0.809917	
5029.67	14.3925	0.786429	
5111.02	14.3891	0.763535	
5193.68	14.3856	0.741289	
5277.69	14.3818	0.719672	
5363.05	14.3779	0.698635	
5449.79	14.3739	0.678189	
5537.94	14.3697	0.658294	
5627.51	14.3654	0.638950	
5718.53	14.3609	0.620147	
5811.02	14.3564	0.601873	
5905.01	14.3517	0.584116	
6000.52	14.3470	0.566843	
6097.57	14.3422	0.550055	
6196.20	14.3374	0.533751	
6296.42	14.3325	0.517913	
6349.	14.3300	0.509889	
6432.	14.3259	0.497536	
6536.03	14.3209	0.482727	
6641.75	14.3159	0.468336	
6749.17	14.3109	0.454339	
6858.33	14.3059	0.440746	
6969.26	14.3008	0.427550	
7081.98	14.2958	0.414725	
7196.53	14.2907	0.402271	
7312.93	14.2857	0.390179	
7431.21	14.2806	0.378427	
7551.40	14.2756	0.367020	
7673.54	14.2706	0.355946	
7797.65	14.2657	0.345189	
7923.77	14.2607	0.334747	
8051.94	14.2558	0.324605	
8182.17	14.2510	0.314762	
8314.51	14.2461	0.305207	
8448.99	14.2414	0.295929	
8585.64	14.2366	0.286926	
8724.51	14.2319	0.278183	
8865.62	14.2273	0.269697	
9009.02	14.2227	0.261465	
9154.73	14.2181	0.253469	
9302.80	14.2136	0.245713	
9453.27	14.2091	0.238188	
9606.17	14.2047	0.230880	
9761.54	14.2004	0.223790	
9919.42	14.1961	0.216911	
10079.9	14.1919	0.210235	
10242.9	14.1877	0.203758	
10408.6	14.1836	0.197474	
10576.9	14.1795	0.191376	
10748.0	14.1756	0.185461	
10921.8	14.1716	0.179721	
11098.5	14.1677	0.174154	
11278.0	14.1639	0.168752	
11460.4	14.1602	0.163513	
11645.8	14.1565	0.158430	
11834.1	14.1528	0.153500	
12025.5	14.1492	0.148717	
12220.0	14.1457	0.144079	
12417.7	14.1423	0.139580	
12618.5	14.1389	0.135216	
12822.6	14.1355	0.130984	
13030.0	14.1322	0.126879	
13240.8	14.1290	0.122899	
13454.9	14.1258	0.119038	
13672.6	14.1227	0.115294	
13893.7	14.1197	0.111664	
14118.4	14.1167	0.108143	
14346.8	14.1137	0.104730	
14578.8	14.1108	0.101419	
14814.6	14.1080	0.982093E-01
15054.2	14.1052	0.950968E-01
15297.7	14.1025	0.920790E-01
15545.2	14.0998	0.891530E-01
15796.6	14.0972	0.863160E-01
16052.1	14.0946	0.835654E-01
16311.7	14.0921	0.808987E-01
16575.5	14.0896	0.783132E-01
16843.6	14.0872	0.758067E-01
17116.1	14.0848	0.733767E-01
17392.9	14.0825	0.710210E-01
17674.2	14.0802	0.687373E-01
17960.1	14.0780	0.665234E-01
18250.6	14.0758	0.643773E-01
18545.8	14.0736	0.622970E-01
18845.7	14.0715	0.602804E-01
19150.5	14.0695	0.583256E-01
19460.3	14.0675	0.564308E-01
19775.0	14.0655	0.545942E-01
20094.9	14.0636	0.528124E-01
20419.9	14.0617	0.510884E-01
20750.2	14.0598	0.494193E-01
21085.8	14.0580	0.478034E-01
21426.8	14.0562	0.462390E-01
21773.4	14.0545	0.447245E-01
22125.6	14.0528	0.432583E-01
22483.4	14.0511	0.418390E-01
22847.1	14.0495	0.404650E-01
23216.6	14.0479	0.391349E-01
23592.1	14.0463	0.378475E-01
23973.7	14.0448	0.366013E-01
24361.5	14.0433	0.353950E-01
24755.5	14.0419	0.342274E-01
25155.9	14.0405	0.330973E-01
25562.8	14.0391	0.320035E-01
25976.2	14.0377	0.309448E-01
26396.4	14.0364	0.299202E-01
26823.3	14.0351	0.289286E-01
27257.2	14.0338	0.279690E-01
27698.0	14.0326	0.270403E-01
28146.0	14.0314	0.261415E-01
28601.3	14.0302	0.252718E-01
29063.9	14.0291	0.244301E-01
29533.9	14.0279	0.236157E-01
30000.0	14.0269	0.228464E-01
